((("val" .
   [1 0 0])
  ("var" .
   [2 0 0])
  ("date" .
   [1 0 0 0])
  ("echo" .
   [4 0 0 0])
  ("$role" .
   [1 0 0 0 0])
  ("if" .
   [3 0])
  ("exit" .
   [0 0 0 1])
  ("ware" .
   [2 0 0 0])
  ("$wp" .
   [1 0 0])
  ("else" .
   [0 0 0 1])
  ("var_dump" .
   [0 0 0 0 0 2 0 0])
  ("$str" .
   [4 0 0 0])
  ("unserialize" .
   [0 0 0 0 0 1 0 0 0 0 0])
  ("taskitem_name" .
   [1 0 0 0 0 0 0 0 0 0 0 0 0])
  ("log" .
   [1 0 0])
  ("function" .
   [0 0 0 1 0 0 0 0])
  ("$v" .
   [10 0])
  ("$t" .
   [2 0])
  ("array_push" .
   [0 0 0 0 0 0 0 0 1 0])
  ("array" .
   [0 0 0 1 0])
  ("a" .
   [1])
  ("foreach" .
   [0 0 0 0 2 0 0])
  ("$results" .
   [0 0 0 1 3 0 0 0])
  ("empty" .
   [0 0 1 4 0])
  ("$wd" .
   [3 0 0])
  ("null" .
   [1 0 0 0])
  ("$res" .
   [5 0 0 0])))
